# -*- coding: utf-8 -*-
# Avatar Skeleton based on High Fidelity Skeleton

from mathutils import Matrix, Vector, Euler
structure = [{'matrix_local': Matrix(((1.0, 0.0, -0.0, 0.0),
        (-0.0, -1.629208270514937e-07, -0.9999999403953552, -1.6526477963907382e-09),
        (0.0, 0.9999999403953552, -1.1920928955078125e-07, 1.040480136871338),
        (0.0, 0.0, 0.0, 1.0))), 'name': 'Hips', 'head': Vector((0.0, -1.6526477963907382e-09, 1.040480136871338)), 'children': [{'matrix_local': Matrix(((1.0, -1.6990770166576032e-22, 3.383868658467642e-21, 0.0),
        (3.3838684565192504e-21, -1.6292069915380125e-07, -0.9999999403953552, -1.7792569195762553e-08),
        (1.699080929407693e-22, 0.9999999403953552, -1.1920915454766146e-07, 1.1395461559295654),
        (0.0, 0.0, 0.0, 1.0))), 'name': 'Spine', 'head': Vector((0.0, -1.7792569195762553e-08, 1.1395461559295654)), 'children': [{'matrix_local': Matrix(((1.0, -4.3311711955735274e-19, -2.3701904025123744e-20, -1.3571190418639533e-19),
        (-2.3701971879783367e-20, -1.629204717801258e-07, -0.9999999403953552, -3.456187513961595e-08),
        (4.331170937079586e-19, 0.9999999403953552, -1.1920892717398601e-07, 1.2424753904342651),
        (0.0, 0.0, 0.0, 1.0))), 'name': 'Spine1', 'head': Vector((-1.3571190418639533e-19, -3.456187158690227e-08, 1.2424753904342651)), 'children': [{'matrix_local': Matrix(((1.0, -4.365067764606243e-19, -2.3700790885588492e-20, -9.35676206634897e-19),
        (-2.3700858740248115e-20, -1.629207559972201e-07, -0.9999999403953552, -4.926067376231913e-08),
        (4.365067764606243e-19, 0.9999999403953552, -1.1920920428565296e-07, 1.3326960802078247),
        (0.0, 0.0, 0.0, 1.0))), 'name': 'Spine2', 'head': Vector((-9.35676206634897e-19, -4.926067020960545e-08, 1.3326960802078247)), 'children': [{'matrix_local': Matrix(((1.0, -3.960598675546775e-19, -5.066836681056751e-21, -2.2026916017467913e-18),
        (-5.066899688954973e-21, -1.6292051441268995e-07, -0.9999999403953552, -7.644603527978688e-08),
        (3.9605989340407166e-19, 0.9999999403953552, -1.1920895559569544e-07, 1.499558448791504),
        (0.0, 0.0, 0.0, 1.0))), 'name': 'Neck', 'head': Vector((-2.2026916017467913e-18, -7.644602817435953e-08, 1.499558448791504)), 'children': [{'matrix_local': Matrix(((1.0, -6.129003020517784e-19, 2.0344486163108975e-20, -2.410669416365846e-18),
        (2.0344385996706674e-20, -1.6292081284063897e-07, -0.9999999403953552, -9.119840171933902e-08),
        (6.129003020517784e-19, 0.9999999403953552, -1.1920926112907182e-07, 1.5901079177856445),
        (0.0, 0.0, 0.0, 1.0))), 'name': 'Head', 'head': Vector((-2.410669416365846e-18, -9.119839461391166e-08, 1.5901079177856445)), 'children': [{'matrix_local': Matrix(((1.0, -6.128879460413784e-19, 2.0338177295351124e-20, -2.9165293211488736e-17),
        (2.0338077128948823e-20, -1.6292048599098052e-07, -0.9999999403953552, -1.2025816431560088e-07),
        (6.128879460413784e-19, 0.9999999403953552, -1.1920893427941337e-07, 1.7684752941131592),
        (0.0, 0.0, 0.0, 1.0))), 'name': 'HeadTop_End', 'head': Vector((-2.9165293211488736e-17, -1.2025815010474616e-07, 1.7684752941131592)), 'children': [], 'matrix': Matrix(((1.0, -6.128868603668244e-19, 2.0338251612359283e-20, -2.9165293211488736e-17),
        (2.0338148214782714e-20, -1.6292048599098052e-07, -1.0, -1.2025815010474616e-07),
        (6.128868603668244e-19, 1.0, -2.384185791015625e-07, 1.7684752941131592),
        (0.0, 0.0, 0.0, 1.0))), 'connect': False, 'tail': Vector((-2.9247508346931606e-17, -1.4211296672783646e-07, 1.9026193618774414))}, {'matrix_local': Matrix(((1.0, -6.129003020517784e-19, 4.5755334024657337e-20, -0.030779745429754257),
        (4.575519831533809e-20, -2.184624321444062e-07, -0.9999999403953552, -0.08732432126998901),
        (6.129003020517784e-19, 0.9999999403953552, -1.7475088043283904e-07, 1.6532295942306519),
        (0.0, 0.0, 0.0, 1.0))), 'name': 'RightEye', 'head': Vector((-0.030779745429754257, -0.08732432126998901, 1.6532295942306519)), 'children': [], 'matrix': Matrix(((1.0, 0.0, 4.5755337255831604e-20, -0.030779745429754257),
        (4.5755337255831604e-20, -2.2216653405848774e-07, -1.0, -0.08732432126998901),
        (1.0165304765508712e-26, 1.0, -2.384185791015625e-07, 1.6532295942306519),
        (0.0, 0.0, 0.0, 1.0))), 'connect': False, 'tail': Vector((-0.030779745429754257, -0.0873243510723114, 1.787373661994934))}, {'matrix_local': Matrix(((1.0, -6.129003020517784e-19, 4.5755334024657337e-20, 0.030583487823605537),
        (4.5755233858255035e-20, -1.6292081284063897e-07, -0.9999999403953552, -0.08732432126998901),
        (6.129003020517784e-19, 0.9999999403953552, -1.1920926112907182e-07, 1.6532295942306519),
        (0.0, 0.0, 0.0, 1.0))), 'name': 'LeftEye', 'head': Vector((0.030583487823605537, -0.08732432126998901, 1.6532295942306519)), 'children': [], 'matrix': Matrix(((1.0, 0.0, 4.5755337255831604e-20, 0.030583487823605537),
        (4.5755337255831604e-20, -1.666249005438658e-07, -1.0, -0.08732432126998901),
        (7.623978574131534e-27, 1.0, -2.384185791015625e-07, 1.6532295942306519),
        (0.0, 0.0, 0.0, 1.0))), 'connect': False, 'tail': Vector((0.030583487823605537, -0.0873243436217308, 1.787373661994934))}], 'matrix': Matrix(((1.0, -6.129003020517784e-19, 2.034455886453e-20, -2.410669416365846e-18),
        (2.034445546695343e-20, -1.629208270514937e-07, -1.0, -9.119839461391166e-08),
        (6.129003020517784e-19, 1.0, -2.384185791015625e-07, 1.5901079177856445),
        (0.0, 0.0, 0.0, 1.0))), 'connect': False, 'tail': Vector((-2.4928862061699415e-18, -1.1305321834242932e-07, 1.7242517471313477))}], 'matrix': Matrix(((1.0, -3.9606012604861894e-19, -5.066791444617002e-21, -2.2026916017467913e-18),
        (-5.066868992799429e-21, -1.6292051441268995e-07, -1.0, -7.644602817435953e-08),
        (3.9606012604861894e-19, 1.0, -2.384185791015625e-07, 1.499558448791504),
        (0.0, 0.0, 0.0, 1.0))), 'connect': False, 'tail': Vector((-2.2385546375894872e-18, -9.119839461391166e-08, 1.5901079177856445))}, {'matrix_local': Matrix(((-4.3711573027849226e-08, 0.9999999403953552, 4.365067764606243e-19, 0.043336015194654465),
        (0.9999999403953552, 4.371156236970819e-08, 1.6292057125610881e-07, -6.692039988820397e-08),
        (1.1920902664996902e-07, 5.211257552600098e-15, -0.9999999403953552, 1.4410916566848755),
        (0.0, 0.0, 0.0, 1.0))), 'name': 'LeftShoulder', 'head': Vector((0.043336015194654465, -6.692039278277662e-08, 1.4410916566848755)), 'children': [{'matrix_local': Matrix(((0.003941443748772144, 0.9999921321868896, 4.228562222596821e-10, 0.1387377828359604),
        (0.9999921917915344, -0.003941443748772144, 1.509952909373169e-07, -6.275023878288266e-08),
        (1.072845847716053e-07, 0.0, -0.9999999403953552, 1.4410916566848755),
        (0.0, 0.0, 0.0, 1.0))), 'name': 'LeftArm', 'head': Vector((0.13873779773712158, -6.27502316774553e-08, 1.4410916566848755)), 'children': [{'matrix_local': Matrix(((-4.377216100692749e-08, 0.9999999403953552, -4.746203430272544e-15, 0.39682328701019287),
        (1.0, 4.423782229423523e-08, 1.5099578831723193e-07, -0.0010173002956435084),
        (1.0728424371109213e-07, -5.551115123125783e-17, -0.9999999403953552, 1.4410916566848755),
        (0.0, 0.0, 0.0, 1.0))), 'name': 'LeftForeArm', 'head': Vector((0.39682328701019287, -0.0010173002956435084, 1.4410916566848755)), 'children': [{'matrix_local': Matrix(((0.09745319932699203, 0.9952400922775269, 1.0475472933535457e-08, 0.6588245630264282),
        (0.9952400922775269, -0.09745320677757263, 1.5069221603880578e-07, -0.0010172886541113257),
        (1.0749231904583212e-07, 8.881784197001252e-16, -0.9999999403953552, 1.4410916566848755),
        (0.0, 0.0, 0.0, 1.0))), 'name': 'LeftHand', 'head': Vector((0.658824622631073, -0.0010172887705266476, 1.4410916566848755)), 'children': [{'matrix_local': Matrix(((0.040334634482860565, 0.9991862177848816, 4.328706282308303e-09, 0.7473061084747314),
        (0.9991862177848816, -0.04033464193344116, 1.5094403238435916e-07, -0.009681333787739277),
        (1.0731981348044428e-07, -8.881784197001252e-16, -0.9999999403953552, 1.4410916566848755),
        (0.0, 0.0, 0.0, 1.0))), 'name': 'LeftHandMiddle1', 'head': Vector((0.7473061680793762, -0.009681333787739277, 1.4410916566848755)), 'children': [{'matrix_local': Matrix(((0.027804573997855186, 0.999613344669342, 2.9834636983139262e-09, 0.781325101852417),
        (0.999613344669342, -0.027804581448435783, 1.509711893277199e-07, -0.01105459500104189),
        (1.0730112620649379e-07, 2.220446049250313e-16, -0.9999999403953552, 1.4410916566848755),
        (0.0, 0.0, 0.0, 1.0))), 'name': 'LeftHandMiddle2', 'head': Vector((0.7813251614570618, -0.01105459500104189, 1.4410916566848755)), 'children': [{'matrix_local': Matrix(((0.042452339082956314, 0.9990984797477722, 4.556141242062495e-09, 0.8080945014953613),
        (0.9990984797477722, -0.04245234653353691, 1.509384475184561e-07, -0.011799194850027561),
        (1.0732365041121739e-07, -1.1102230246251565e-16, -0.9999999403953552, 1.4410916566848755),
        (0.0, 0.0, 0.0, 1.0))), 'name': 'LeftHandMiddle3', 'head': Vector((0.8080945611000061, -0.011799194850027561, 1.4410916566848755)), 'children': [{'matrix_local': Matrix(((0.05820716917514801, 0.998304545879364, -7.628645271040568e-09, 0.8343757390975952),
        (0.998304545879364, -0.05820717662572861, -8.71264802526639e-08, -0.012915901839733124),
        (-1.3106023288855795e-07, -1.1102230246251565e-15, -0.9999999403953552, 1.4410916566848755),
        (0.0, 0.0, 0.0, 1.0))), 'name': 'LeftHandMiddle4', 'head': Vector((0.83437579870224, -0.012915901839733124, 1.4410916566848755)), 'children': [], 'matrix': Matrix(((0.05820721387863159, 0.9983046054840088, -5.08863351456057e-09, 0.83437579870224),
        (0.998304545879364, -0.0582071915268898, -8.72745573587963e-08, -0.012915901839733124),
        (-8.742278367890322e-08, 0.0, -1.0, 1.4410916566848755),
        (0.0, 0.0, 0.0, 1.0))), 'connect': True, 'tail': Vector((0.8606362342834473, -0.014447043649852276, 1.4410916566848755))}], 'matrix': Matrix(((0.042452361434698105, 0.9990984797477722, 6.410126207612166e-09, 0.8080945611000061),
        (0.9990984797477722, -0.04245235025882721, 1.5085967675076972e-07, -0.011799194850027561),
        (1.5099580252808664e-07, 0.0, -1.0, 1.4410916566848755),
        (0.0, 0.0, 0.0, 1.0))), 'connect': True, 'tail': Vector((0.83437579870224, -0.012915901839733124, 1.4410916566848755))}], 'matrix': Matrix(((0.027804430574178696, 0.9996135830879211, 4.198375425090717e-09, 0.7813251614570618),
        (0.9996134042739868, -0.027804585173726082, 1.509374243369166e-07, -0.01105459500104189),
        (1.5099580252808664e-07, 0.0, -1.0, 1.4410916566848755),
        (0.0, 0.0, 0.0, 1.0))), 'connect': True, 'tail': Vector((0.8080945611000061, -0.011799194850027561, 1.4410916566848755))}], 'matrix': Matrix(((0.04033457860350609, 0.9991864562034607, 6.090361104327258e-09, 0.7473061680793762),
        (0.9991862773895264, -0.04033464938402176, 1.50872935478219e-07, -0.009681333787739277),
        (1.5099581673894136e-07, 0.0, -1.0, 1.4410916566848755),
        (0.0, 0.0, 0.0, 1.0))), 'connect': False, 'tail': Vector((0.7813251614570618, -0.01105459500104189, 1.4410916566848755))}, {'matrix_local': Matrix(((0.6914944648742676, 0.7223818302154541, 7.420383099088212e-07, 0.6775355935096741),
        (0.7223817110061646, -0.6914944648742676, 8.188949323084671e-07, -0.030557725578546524),
        (1.073093585546303e-06, -2.842170943040401e-14, -0.9999999403953552, 1.4410916566848755),
        (0.0, 0.0, 0.0, 1.0))), 'name': 'LeftHandThumb1', 'head': Vector((0.6775356531143188, -0.030557725578546524, 1.4410916566848755)), 'children': [{'matrix_local': Matrix(((0.49642160534858704, 0.8680815696716309, 2.928329081441916e-07, 0.7022568583488464),
        (0.8680814504623413, -0.4964216351509094, 5.557820941248792e-07, -0.05422196537256241),
        (5.898874633203377e-07, 5.684341886080802e-14, -0.9999999403953552, 1.4410916566848755),
        (0.0, 0.0, 0.0, 1.0))), 'name': 'LeftHandThumb2', 'head': Vector((0.7022569179534912, -0.05422196909785271, 1.4410916566848755)), 'children': [{'matrix_local': Matrix(((0.6960770487785339, 0.7179670333862305, -1.1226961760257836e-06, 0.7269055247306824),
        (0.7179669737815857, -0.6960769891738892, -1.1142903986183228e-06, -0.06831756234169006),
        (-1.6128906281664968e-06, -1.4210854715202004e-14, -0.9999999403953552, 1.4410916566848755),
        (0.0, 0.0, 0.0, 1.0))), 'name': 'LeftHandThumb3', 'head': Vector((0.7269055843353271, -0.06831756979227066, 1.4410916566848755)), 'children': [{'matrix_local': Matrix(((0.05820775032043457, 0.9983044862747192, 1.1099086805188563e-07, 0.7420669794082642),
        (0.9983043670654297, -0.058207809925079346, 6.224277058208827e-07, -0.0830167606472969),
        (5.841952770424541e-07, 7.711685157119064e-08, -0.9999999403953552, 1.4410916566848755),
        (0.0, 0.0, 0.0, 1.0))), 'name': 'LeftHandThumb4', 'head': Vector((0.7420670390129089, -0.0830167680978775, 1.4410916566848755)), 'children': [], 'matrix': Matrix(((0.05820797383785248, 0.9983041882514954, 3.6544772541446946e-08, 0.7420670390129089),
        (0.9983044266700745, -0.05820779129862785, 6.267683829719317e-07, -0.0830167680978775),
        (6.278328328335192e-07, 0.0, -1.0, 1.4410916566848755),
        (0.0, 0.0, 0.0, 1.0))), 'connect': True, 'tail': Vector((0.7631483674049377, -0.0842459499835968, 1.4410916566848755))}], 'matrix': Matrix(((0.6960769891738892, 0.7179670929908752, -1.100850909097062e-06, 0.7269055843353271),
        (0.71796715259552, -0.6960770487785339, -1.1354701427990221e-06, -0.06831756979227066),
        (-1.5815073766134446e-06, 0.0, -1.0, 1.4410916566848755),
        (0.0, 0.0, 0.0, 1.0))), 'connect': True, 'tail': Vector((0.7420670390129089, -0.0830167680978775, 1.4410916566848755))}], 'matrix': Matrix(((0.4964216947555542, 0.8680813312530518, 3.116698223948333e-07, 0.7022569179534912),
        (0.8680813312530518, -0.4964214563369751, 5.450101525639184e-07, -0.05422196909785271),
        (6.278327759901003e-07, 0.0, -1.0, 1.4410916566848755),
        (0.0, 0.0, 0.0, 1.0))), 'connect': True, 'tail': Vector((0.7269055843353271, -0.06831756979227066, 1.4410916566848755))}], 'matrix': Matrix(((0.6914944648742676, 0.7223818302154541, 7.638732881787291e-07, 0.6775356531143188),
        (0.7223818898200989, -0.6914944648742676, 7.979935503499291e-07, -0.030557725578546524),
        (1.1046702184103196e-06, 0.0, -1.0, 1.4410916566848755),
        (0.0, 0.0, 0.0, 1.0))), 'connect': False, 'tail': Vector((0.7022569179534912, -0.05422196909785271, 1.4410916566848755))}, {'matrix_local': Matrix(((0.13698428869247437, 0.9905723929405212, 0.0012609350960701704, 0.7413321137428284),
        (0.9905731678009033, -0.13698440790176392, 4.4465534188020683e-07, -0.031078020110726357),
        (0.0001731256052153185, 0.001248993445187807, -0.9999991655349731, 1.4410496950149536),
        (0.0, 0.0, 0.0, 1.0))), 'name': 'LeftHandIndex1', 'head': Vector((0.7413321733474731, -0.031078021973371506, 1.4410496950149536)), 'children': [{'matrix_local': Matrix(((0.15305036306381226, 0.9882182478904724, 1.6763806343078613e-08, 0.77461177110672),
        (0.988218367099762, -0.15305036306381226, 1.501678923432337e-07, -0.03568020090460777),
        (1.0775693226605654e-07, 1.1641532182693481e-10, -1.0, 1.4410916566848755),
        (0.0, 0.0, 0.0, 1.0))), 'name': 'LeftHandIndex2', 'head': Vector((0.7746118307113647, -0.03568020090460777, 1.4410916566848755)), 'children': [{'matrix_local': Matrix(((0.1073673665523529, 0.994219183921814, 1.1702095292775994e-08, 0.8000762462615967),
        (0.9942193627357483, -0.1073673665523529, 1.5061002045513305e-07, -0.039624013006687164),
        (1.075332960454034e-07, 2.6645352591003757e-15, -1.0, 1.4410916566848755),
        (0.0, 0.0, 0.0, 1.0))), 'name': 'LeftHandIndex3', 'head': Vector((0.8000763058662415, -0.039624013006687164, 1.4410916566848755)), 'children': [{'matrix_local': Matrix(((0.058207541704177856, 0.9983042478561401, 6.405831420863706e-09, 0.8216495513916016),
        (0.9983044266700745, -0.05820753052830696, 1.508787335069428e-07, -0.04195374995470047),
        (1.0736243183373517e-07, 1.3322676295501878e-15, -1.0, 1.4410916566848755),
        (0.0, 0.0, 0.0, 1.0))), 'name': 'LeftHandIndex4', 'head': Vector((0.8216496109962463, -0.04195374995470047, 1.4410916566848755)), 'children': [], 'matrix': Matrix(((0.05820757895708084, 0.9983044266700745, 8.789094785299767e-09, 0.8216496109962463),
        (0.998304545879364, -0.058207541704177856, 1.5073979398039228e-07, -0.04195374995470047),
        (1.5099580252808664e-07, 0.0, -1.0, 1.4410916566848755),
        (0.0, 0.0, 0.0, 1.0))), 'connect': True, 'tail': Vector((0.8433114886283875, -0.043216776102781296, 1.4410916566848755))}], 'matrix': Matrix(((0.10736718773841858, 0.9942198395729065, 1.621202905255359e-08, 0.8000763058662415),
        (0.9942195415496826, -0.10736744105815887, 1.5012297183147894e-07, -0.039624013006687164),
        (1.5099583094979607e-07, 0.0, -1.0, 1.4410916566848755),
        (0.0, 0.0, 0.0, 1.0))), 'connect': True, 'tail': Vector((0.8216496109962463, -0.04195374995470047, 1.4410916566848755))}], 'matrix': Matrix(((0.15305058658123016, 0.9882180094718933, 2.3109965496814766e-08, 0.7746118307113647),
        (0.9882182478904724, -0.15305034816265106, 1.4921681668056408e-07, -0.03568020090460777),
        (1.509957741063772e-07, 0.0, -1.0, 1.4410916566848755),
        (0.0, 0.0, 0.0, 1.0))), 'connect': True, 'tail': Vector((0.8000763058662415, -0.039624013006687164, 1.4410916566848755))}], 'matrix': Matrix(((0.1369842141866684, 0.9905725717544556, 0.001260940684005618, 0.7413321733474731),
        (0.9905732274055481, -0.13698434829711914, 4.4389162212610245e-07, -0.031078021973371506),
        (0.00017316883895546198, 0.001248993445187807, -0.9999992847442627, 1.4410496950149536),
        (0.0, 0.0, 0.0, 1.0))), 'connect': False, 'tail': Vector((0.7746118307113647, -0.03568020090460777, 1.4410916566848755))}, {'matrix_local': Matrix(((-0.07601139694452286, 0.9971069693565369, -8.164441567259928e-09, 0.7444503903388977),
        (0.9971069693565369, 0.07601138949394226, 1.508115161641399e-07, 0.00791303813457489),
        (1.0741070610720271e-07, -3.552713678800501e-15, -0.9999999403953552, 1.4410916566848755),
        (0.0, 0.0, 0.0, 1.0))), 'name': 'LeftHandRing1', 'head': Vector((0.7444504499435425, 0.007913036271929741, 1.4410916566848755)), 'children': [{'matrix_local': Matrix(((-0.06414560973644257, 0.9979405403137207, -6.887587389314831e-09, 0.7735791206359863),
        (0.9979405403137207, 0.06414560228586197, 1.5086467897162947e-07, 0.010133577510714531),
        (1.0737424815943086e-07, 0.0, -0.9999999403953552, 1.4410916566848755),
        (0.0, 0.0, 0.0, 1.0))), 'name': 'LeftHandRing2', 'head': Vector((0.7735791802406311, 0.01013357937335968, 1.4410916566848755)), 'children': [{'matrix_local': Matrix(((-0.07620996236801147, 0.9970918297767639, -8.185814692751592e-09, 0.8006286025047302),
        (0.9970918297767639, 0.07620995491743088, 1.5081052140430984e-07, 0.011872263625264168),
        (1.0741133849023754e-07, 6.661338147750939e-16, -0.9999999403953552, 1.4410916566848755),
        (0.0, 0.0, 0.0, 1.0))), 'name': 'LeftHandRing3', 'head': Vector((0.800628662109375, 0.011872265487909317, 1.4410916566848755)), 'children': [{'matrix_local': Matrix(((0.058207228779792786, 0.9983046054840088, 6.249031514471426e-09, 0.8247214555740356),
        (0.998304545879364, -0.058207228779792786, 1.5088789950823411e-07, 0.013713734224438667),
        (1.0735835331843191e-07, 0.0, -0.9999999403953552, 1.4410916566848755),
        (0.0, 0.0, 0.0, 1.0))), 'name': 'LeftHandRing4', 'head': Vector((0.8247215151786804, 0.013713736087083817, 1.4410916566848755)), 'children': [], 'matrix': Matrix(((0.0582071915268898, 0.9983046054840088, 8.789046823665103e-09, 0.8247215151786804),
        (0.998304545879364, -0.05820723995566368, 1.5073979398039228e-07, 0.013713736087083817),
        (1.5099581673894136e-07, 8.881784197001252e-16, -1.0, 1.4410916566848755),
        (0.0, 0.0, 0.0, 1.0))), 'connect': True, 'tail': Vector((0.8488435745239258, 0.012307273223996162, 1.4410916566848755))}], 'matrix': Matrix(((-0.07620995491743088, 0.9970917105674744, -1.1507383490538814e-08, 0.800628662109375),
        (0.9970917701721191, 0.07620995491743088, 1.5055667290653219e-07, 0.011872265487909317),
        (1.5099580252808664e-07, 8.881784197001252e-16, -1.0, 1.4410916566848755),
        (0.0, 0.0, 0.0, 1.0))), 'connect': True, 'tail': Vector((0.8247215151786804, 0.013713736087083817, 1.4410916566848755))}], 'matrix': Matrix(((-0.06414571404457092, 0.9979407787322998, -9.685718005414401e-09, 0.7735791802406311),
        (0.9979405403137207, 0.06414562463760376, 1.506848406052086e-07, 0.01013357937335968),
        (1.5099581673894136e-07, 0.0, -1.0, 1.4410916566848755),
        (0.0, 0.0, 0.0, 1.0))), 'connect': True, 'tail': Vector((0.800628662109375, 0.011872265487909317, 1.4410916566848755))}], 'matrix': Matrix(((-0.0760115534067154, 0.9971070289611816, -1.147741990337181e-08, 0.7444504499435425),
        (0.9971069693565369, 0.07601151615381241, 1.5055896085414133e-07, 0.007913036271929741),
        (1.5099580252808664e-07, 8.881784197001252e-16, -1.0, 1.4410916566848755),
        (0.0, 0.0, 0.0, 1.0))), 'connect': False, 'tail': Vector((0.7735791802406311, 0.01013357937335968, 1.4410916566848755))}, {'matrix_local': Matrix(((-0.22605285048484802, 0.9741150736808777, 4.3758369372426387e-08, 0.735524594783783),
        (0.9741150736808777, 0.22605285048484802, -1.4485360111393675e-07, 0.02615051157772541),
        (-1.9357584335466527e-07, -1.4210854715202004e-14, -0.9999999403953552, 1.4410916566848755),
        (0.0, 0.0, 0.0, 1.0))), 'name': 'LeftHandPinky1', 'head': Vector((0.7355246543884277, 0.02615051344037056, 1.4410916566848755)), 'children': [{'matrix_local': Matrix(((-0.20788945257663727, 0.9781523942947388, -1.7119594986070297e-07, 0.7680099010467529),
        (0.9781523942947388, 0.20788946747779846, 8.492153256156598e-07, 0.033689044415950775),
        (8.234950996666157e-07, -5.551115123125783e-15, -0.9999999403953552, 1.4410916566848755),
        (0.0, 0.0, 0.0, 1.0))), 'name': 'LeftHandPinky2', 'head': Vector((0.7680099606513977, 0.033689044415950775, 1.4410916566848755)), 'children': [{'matrix_local': Matrix(((-0.22212350368499756, 0.9750186800956726, -7.703120985524947e-08, 0.78713059425354),
        (0.9750186204910278, 0.22212353348731995, 3.8184268191798765e-07, 0.03775281831622124),
        (3.4679445093388495e-07, -6.217248937900877e-15, -0.9999999403953552, 1.4410916566848755),
        (0.0, 0.0, 0.0, 1.0))), 'name': 'LeftHandPinky3', 'head': Vector((0.7871306538581848, 0.03775281831622124, 1.4410916566848755)), 'children': [{'matrix_local': Matrix(((0.05820752680301666, 0.9983046650886536, 2.0126812216858525e-08, 0.8051661849021912),
        (0.9983046054840088, -0.05820746719837189, 3.889020945280208e-07, 0.04186158999800682),
        (3.457766979408916e-07, 7.105427357601002e-15, -0.9999999403953552, 1.4410916566848755),
        (0.0, 0.0, 0.0, 1.0))), 'name': 'LeftHandPinky4', 'head': Vector((0.8051662445068359, 0.04186158999800682, 1.4410916566848755)), 'children': [], 'matrix': Matrix(((0.058207664638757706, 0.9983040690422058, 2.2666824861516943e-08, 0.8051662445068359),
        (0.9983044266700745, -0.05820745229721069, 3.887540742653073e-07, 0.04186158999800682),
        (3.8941428215366614e-07, -1.7763568394002505e-15, -1.0, 1.4410916566848755),
        (0.0, 0.0, 0.0, 1.0))), 'connect': True, 'tail': Vector((0.8236324787139893, 0.040784891694784164, 1.4410916566848755))}], 'matrix': Matrix(((-0.2221234142780304, 0.975018322467804, -8.649807625715766e-08, 0.7871306538581848),
        (0.9750185608863831, 0.22212344408035278, 3.796862131366652e-07, 0.03775281831622124),
        (3.8941436741879443e-07, 0.0, -1.0, 1.4410916566848755),
        (0.0, 0.0, 0.0, 1.0))), 'connect': True, 'tail': Vector((0.8051662445068359, 0.04186158999800682, 1.4410916566848755))}], 'matrix': Matrix(((-0.20788952708244324, 0.9781526327133179, -1.800845410571128e-07, 0.7680099606513977),
        (0.978152334690094, 0.20788946747779846, 8.473260209029831e-07, 0.033689044415950775),
        (8.662516393087571e-07, 0.0, -1.0, 1.4410916566848755),
        (0.0, 0.0, 0.0, 1.0))), 'connect': True, 'tail': Vector((0.7871306538581848, 0.03775281831622124, 1.4410916566848755))}], 'matrix': Matrix(((-0.2260529100894928, 0.9741151928901672, 3.41330341768753e-08, 0.7355246543884277),
        (0.9741150736808777, 0.2260528951883316, -1.4708729167978163e-07, 0.02615051344037056),
        (-1.5099581673894136e-07, 0.0, -1.0, 1.4410916566848755),
        (0.0, 0.0, 0.0, 1.0))), 'connect': False, 'tail': Vector((0.7680099606513977, 0.033689044415950775, 1.4410916566848755))}], 'matrix': Matrix(((0.0974532961845398, 0.9952397346496582, 1.4715024754252681e-08, 0.658824622631073),
        (0.9952400326728821, -0.09745317697525024, 1.5027707434001059e-07, -0.0010172887705266476),
        (1.5099578831723193e-07, 8.881784197001252e-16, -1.0, 1.4410916566848755),
        (0.0, 0.0, 0.0, 1.0))), 'connect': True, 'tail': Vector((0.7342926859855652, -0.008407068438827991, 1.4410916566848755))}], 'matrix': Matrix(((-8.797753991984791e-08, 1.0, -6.6421198172106864e-15, 0.39682328701019287),
        (1.0, 4.398876995992396e-08, 1.5099580252808664e-07, -0.0010173002956435084),
        (1.5099580252808664e-07, 0.0, -1.0, 1.4410916566848755),
        (0.0, 0.0, 0.0, 1.0))), 'connect': True, 'tail': Vector((0.658824622631073, -0.0010172887705266476, 1.4410916566848755))}], 'matrix': Matrix(((0.0039415908977389336, 0.9999920129776001, 5.951415471550092e-10, 0.13873779773712158),
        (0.9999921917915344, -0.003941443748772144, 1.5099462302714528e-07, -6.27502316774553e-08),
        (1.5099578831723193e-07, 0.0, -1.0, 1.4410916566848755),
        (0.0, 0.0, 0.0, 1.0))), 'connect': True, 'tail': Vector((0.39682328701019287, -0.0010173002956435084, 1.4410916566848755))}], 'matrix': Matrix(((-8.742313184484374e-08, 1.0, -6.600262837089168e-15, 0.043336015194654465),
        (1.0, 4.371156592242187e-08, 1.5099580252808664e-07, -6.692039278277662e-08),
        (1.5099580252808664e-07, 0.0, -1.0, 1.4410916566848755),
        (0.0, 0.0, 0.0, 1.0))), 'connect': False, 'tail': Vector((0.13873779773712158, -6.27502316774553e-08, 1.4410916566848755))}, {'matrix_local': Matrix(((-4.371135275960114e-08, -0.9999999403953552, 4.365067764606243e-19, -0.04327716678380966),
        (-0.9999999403953552, 4.3711342101460104e-08, 1.6292079862978426e-07, -6.692072673786242e-08),
        (-1.1920923981278975e-07, 5.210358003610114e-15, -0.9999999403953552, 1.4410916566848755),
        (0.0, 0.0, 0.0, 1.0))), 'name': 'RightShoulder', 'head': Vector((-0.04327716678380966, -6.692071963243507e-08, 1.4410916566848755)), 'children': [{'matrix_local': Matrix(((-4.371137762859689e-08, -0.9999999403953552, 4.6895381966506524e-15, -0.13859781622886658),
        (-0.9999999403953552, 4.3711366970455856e-08, 1.5099578831723193e-07, -6.275413255707463e-08),
        (-1.0728422950023742e-07, 4.235164736271502e-22, -0.9999999403953552, 1.4410916566848755),
        (0.0, 0.0, 0.0, 1.0))), 'name': 'RightArm', 'head': Vector((-0.13859783113002777, -6.275412545164727e-08, 1.4410916566848755)), 'children': [{'matrix_local': Matrix(((-4.371138118131057e-08, -0.9999999403953552, 4.689538620167126e-15, -0.39611485600471497),
        (-0.9999999403953552, 4.3711370523169535e-08, 1.5099578831723193e-07, -5.149770743173576e-08),
        (-1.0728422950023742e-07, 3.831135676601756e-22, -0.9999999403953552, 1.4410916566848755),
        (0.0, 0.0, 0.0, 1.0))), 'name': 'RightForeArm', 'head': Vector((-0.39611488580703735, -5.149770387902208e-08, 1.4410916566848755)), 'children': [{'matrix_local': Matrix(((0.09169547259807587, -0.9957870244979858, -9.854364435568641e-09, -0.6582636833190918),
        (-0.9957870244979858, -0.09169547259807587, 1.507271889522599e-07, -4.003882381198309e-08),
        (-1.0746838796649172e-07, -1.7763568394002505e-15, -0.9999999403953552, 1.4410916566848755),
        (0.0, 0.0, 0.0, 1.0))), 'name': 'RightHand', 'head': Vector((-0.6582636833190918, -4.0038820259269414e-08, 1.4410916566848755)), 'children': [{'matrix_local': Matrix(((0.03482574224472046, -0.9993933439254761, -3.73717901069881e-09, -0.7468206286430359),
        (-0.9993933439254761, -0.03482574224472046, 1.5095720584668015e-07, -0.008154666982591152),
        (-1.0731074695513598e-07, 8.881784197001252e-16, -0.9999999403953552, 1.4410916566848755),
        (0.0, 0.0, 0.0, 1.0))), 'name': 'RightHandMiddle1', 'head': Vector((-0.7468206286430359, -0.008154666982591152, 1.4410916566848755)), 'children': [{'matrix_local': Matrix(((0.02236448973417282, -0.9997498393058777, -2.3996036269124943e-09, -0.7808622121810913),
        (-0.9997498393058777, -0.02236448973417282, 1.5097990058166033e-07, -0.009340910241007805),
        (-1.0729518606922284e-07, -2.220446049250313e-16, -0.9999999403953552, 1.4410916566848755),
        (0.0, 0.0, 0.0, 1.0))), 'name': 'RightHandMiddle2', 'head': Vector((-0.7808622121810913, -0.009340910241007805, 1.4410916566848755)), 'children': [{'matrix_local': Matrix(((0.03721104934811592, -0.99930739402771, -3.9932879225546e-09, -0.807635486125946),
        (-0.9993073344230652, -0.03721105307340622, 1.509517346676148e-07, -0.009939830750226974),
        (-1.0731451283163551e-07, 0.0, -0.9999999403953552, 1.4410916566848755),
        (0.0, 0.0, 0.0, 1.0))), 'name': 'RightHandMiddle3', 'head': Vector((-0.807635486125946, -0.009939830750226974, 1.4410916566848755)), 'children': [{'matrix_local': Matrix(((0.05263214558362961, -0.9986139535903931, -5.649791301465257e-09, -0.833952009677887),
        (-0.9986138343811035, -0.05263214930891991, 1.5090759575286938e-07, -0.010919774882495403),
        (-1.073448316901704e-07, -4.440892098500626e-16, -0.9999999403953552, 1.4410916566848755),
        (0.0, 0.0, 0.0, 1.0))), 'name': 'RightHandMiddle4', 'head': Vector((-0.833952009677887, -0.010919774882495403, 1.4410916566848755)), 'children': [], 'matrix': Matrix(((0.05263208970427513, -0.9986141920089722, -7.947233982008584e-09, -0.833952009677887),
        (-0.9986140131950378, -0.052632156759500504, 1.5078651927069586e-07, -0.010919774882495403),
        (-1.5099581673894136e-07, 0.0, -1.0, 1.4410916566848755),
        (0.0, 0.0, 0.0, 1.0))), 'connect': True, 'tail': Vector((-0.8602501749992371, -0.012305825017392635, 1.4410916566848755))}], 'matrix': Matrix(((0.03721116483211517, -0.9993072152137756, -5.61871216220311e-09, -0.807635486125946),
        (-0.9993073344230652, -0.03721104934811592, 1.5089122484823747e-07, -0.009939830750226974),
        (-1.5099580252808664e-07, 0.0, -1.0, 1.4410916566848755),
        (0.0, 0.0, 0.0, 1.0))), 'connect': True, 'tail': Vector((-0.833952009677887, -0.010919774882495403, 1.4410916566848755))}], 'matrix': Matrix(((0.02236448973417282, -0.9997499585151672, -3.3769447238540806e-09, -0.7808622121810913),
        (-0.9997498989105225, -0.02236449532210827, 1.5095804428710835e-07, -0.009340910241007805),
        (-1.5099581673894136e-07, 2.220446049250313e-16, -1.0, 1.4410916566848755),
        (0.0, 0.0, 0.0, 1.0))), 'connect': True, 'tail': Vector((-0.807635486125946, -0.009939830750226974, 1.4410916566848755))}], 'matrix': Matrix(((0.03482592850923538, -0.999393105506897, -5.258541602159994e-09, -0.7468206286430359),
        (-0.9993933439254761, -0.03482573851943016, 1.5090419935859245e-07, -0.008154666982591152),
        (-1.5099578831723193e-07, 0.0, -1.0, 1.4410916566848755),
        (0.0, 0.0, 0.0, 1.0))), 'connect': False, 'tail': Vector((-0.7808622121810913, -0.009340910241007805, 1.4410916566848755))}, {'matrix_local': Matrix(((-0.22933700680732727, -0.9733469486236572, 7.95496362115955e-08, -0.734862208366394),
        (-0.973347008228302, 0.22933700680732727, 3.8133435964482487e-07, 0.02740483172237873),
        (-3.468678073659248e-07, 1.4210854715202004e-14, -0.9999999403953552, 1.4410916566848755),
        (0.0, 0.0, 0.0, 1.0))), 'name': 'RightHandPinky1', 'head': Vector((-0.734862208366394, 0.02740482985973358, 1.4410916566848755)), 'children': [{'matrix_local': Matrix(((-0.21163836121559143, -0.9773479104042053, -9.145649926267652e-08, -0.7673072218894958),
        (-0.9773479700088501, 0.21163836121559143, -3.786354341173137e-07, 0.035049427300691605),
        (4.321356925629516e-07, -1.3322676295501878e-15, -0.9999999403953552, 1.4410916566848755),
        (0.0, 0.0, 0.0, 1.0))), 'name': 'RightHandPinky2', 'head': Vector((-0.7673072218894958, 0.035049423575401306, 1.4410916566848755)), 'children': [{'matrix_local': Matrix(((-0.22635482251644135, -0.9740447402000427, 7.850832162148436e-08, -0.7864083051681519),
        (-0.9740448594093323, 0.22635480761528015, 3.815467835011077e-07, 0.03918564319610596),
        (-3.468373961368343e-07, -6.217248937900877e-15, -0.9999999403953552, 1.4410916566848755),
        (0.0, 0.0, 0.0, 1.0))), 'name': 'RightHandPinky3', 'head': Vector((-0.7864083051681519, 0.03918563947081566, 1.4410916566848755)), 'children': [{'matrix_local': Matrix(((0.052632078528404236, -0.9986137747764587, -1.8198271334313176e-08, -0.8044204115867615),
        (-0.9986139535903931, -0.05263213813304901, 3.889957156388846e-07, 0.04337141290307045),
        (-3.457633965808782e-07, 1.4210854715202004e-14, -0.9999999403953552, 1.4410916566848755),
        (0.0, 0.0, 0.0, 1.0))), 'name': 'RightHandPinky4', 'head': Vector((-0.8044204115867615, 0.04337140917778015, 1.4410916566848755)), 'children': [], 'matrix': Matrix(((0.05263211205601692, -0.9986141920089722, -2.049572067619465e-08, -0.8044204115867615),
        (-0.9986140131950378, -0.0526321679353714, 3.8887463915671105e-07, 0.04337140917778015),
        (-3.8941439584050386e-07, 0.0, -1.0, 1.4410916566848755),
        (0.0, 0.0, 0.0, 1.0))), 'connect': True, 'tail': Vector((-0.8228867650032043, 0.04239813610911369, 1.4410916566848755))}], 'matrix': Matrix(((-0.22635486721992493, -0.974044919013977, 8.814583196681269e-08, -0.7864083051681519),
        (-0.974044919013977, 0.22635485231876373, 3.79307095954573e-07, 0.03918563947081566),
        (-3.8941439584050386e-07, -7.105427357601002e-15, -1.0, 1.4410916566848755),
        (0.0, 0.0, 0.0, 1.0))), 'connect': True, 'tail': Vector((-0.8044204115867615, 0.04337140917778015, 1.4410916566848755))}], 'matrix': Matrix(((-0.2116384655237198, -0.9773483276367188, -8.24150347966679e-08, -0.7673072218894958),
        (-0.9773480892181396, 0.2116384506225586, -3.805933772582648e-07, 0.035049423575401306),
        (3.8941439584050386e-07, 0.0, -1.0, 1.4410916566848755),
        (0.0, 0.0, 0.0, 1.0))), 'connect': True, 'tail': Vector((-0.7864083051681519, 0.03918563947081566, 1.4410916566848755))}], 'matrix': Matrix(((-0.22933702170848846, -0.973347008228302, 8.930712880328429e-08, -0.734862208366394),
        (-0.9733470678329468, 0.22933702170848846, 3.790353275689995e-07, 0.02740482985973358),
        (-3.89414338997085e-07, 0.0, -1.0, 1.4410916566848755),
        (0.0, 0.0, 0.0, 1.0))), 'connect': False, 'tail': Vector((-0.7673072218894958, 0.035049423575401306, 1.4410916566848755))}, {'matrix_local': Matrix(((-0.08009368181228638, -0.9967873096466064, 2.7699861959717964e-08, -0.743895947933197),
        (-0.9967872500419617, 0.08009367436170578, 3.8844370919832727e-07, 0.009333412162959576),
        (-3.4584320474095875e-07, -1.7763568394002505e-15, -0.9999999403953552, 1.4410916566848755),
        (0.0, 0.0, 0.0, 1.0))), 'name': 'RightHandRing1', 'head': Vector((-0.743895947933197, 0.009333410300314426, 1.4410916566848755)), 'children': [{'matrix_local': Matrix(((-0.06886378675699234, -0.9976260662078857, 3.0172628839864046e-09, -0.7730085849761963),
        (-0.9976259469985962, 0.06886379420757294, 8.742247814552684e-08, 0.011672666296362877),
        (-4.381493567962025e-08, 1.7763568394002505e-15, -0.9999999403953552, 1.4410916566848755),
        (0.0, 0.0, 0.0, 1.0))), 'name': 'RightHandRing2', 'head': Vector((-0.7730085849761963, 0.011672665365040302, 1.4410916566848755)), 'children': [{'matrix_local': Matrix(((-0.0810130164027214, -0.9967130422592163, -1.576218799925755e-08, -0.8000456094741821),
        (-0.9967129230499268, 0.081013023853302, -1.5021255705960357e-07, 0.013538968749344349),
        (1.9456365407677367e-07, 0.0, -0.9999999403953552, 1.4410916566848755),
        (0.0, 0.0, 0.0, 1.0))), 'name': 'RightHandRing3', 'head': Vector((-0.8000456094741821, 0.013538967818021774, 1.4410916566848755)), 'children': [{'matrix_local': Matrix(((0.052632153034210205, -0.9986138939857483, -5.649787304662368e-09, -0.824177086353302),
        (-0.9986138343811035, -0.05263213813304901, 1.5090758154201467e-07, 0.015500379726290703),
        (-1.0734480326846096e-07, -1.7763568394002505e-15, -0.9999999403953552, 1.4410916566848755),
        (0.0, 0.0, 0.0, 1.0))), 'name': 'RightHandRing4', 'head': Vector((-0.824177086353302, 0.015500378794968128, 1.4410916566848755)), 'children': [], 'matrix': Matrix(((0.05263207480311394, -0.9986141920089722, -7.947233093830164e-09, -0.824177086353302),
        (-0.9986140131950378, -0.05263214930891991, 1.5078651927069586e-07, 0.015500378794968128),
        (-1.5099581673894136e-07, 0.0, -1.0, 1.4410916566848755),
        (0.0, 0.0, 0.0, 1.0))), 'connect': True, 'tail': Vector((-0.8483545780181885, 0.014226099476218224, 1.4410916566848755))}], 'matrix': Matrix(((-0.08101309835910797, -0.9967133402824402, -1.223262735550179e-08, -0.8000456094741821),
        (-0.9967131018638611, 0.08101304620504379, -1.504994884271582e-07, 0.013538967818021774),
        (1.5099581673894136e-07, 0.0, -1.0, 1.4410916566848755),
        (0.0, 0.0, 0.0, 1.0))), 'connect': True, 'tail': Vector((-0.824177086353302, 0.015500378794968128, 1.4410916566848755))}], 'matrix': Matrix(((-0.06886395812034607, -0.9976264238357544, 6.020264287087684e-09, -0.7730085849761963),
        (-0.9976260662078857, 0.06886381655931473, 8.72152483566424e-08, 0.011672665365040302),
        (-8.742279078433057e-08, 0.0, -1.0, 1.4410916566848755),
        (0.0, 0.0, 0.0, 1.0))), 'connect': True, 'tail': Vector((-0.8000456094741821, 0.013538967818021774, 1.4410916566848755))}], 'matrix': Matrix(((-0.08009368181228638, -0.9967871904373169, 3.118964997383955e-08, -0.743895947933197),
        (-0.9967873692512512, 0.08009374141693115, 3.881633006130869e-07, 0.009333410300314426),
        (-3.89414338997085e-07, -3.552713678800501e-15, -1.0, 1.4410916566848755),
        (0.0, 0.0, 0.0, 1.0))), 'connect': False, 'tail': Vector((-0.7730085849761963, 0.011672665365040302, 1.4410916566848755))}, {'matrix_local': Matrix(((0.13126564025878906, -0.9913471937179565, -1.413237704639414e-08, -0.7407982349395752),
        (-0.9913471937179565, -0.13126564025878906, 1.504424602671861e-07, -0.029414650052785873),
        (-1.0766247982019195e-07, -7.993605777301127e-15, -0.9999999403953552, 1.4410916566848755),
        (0.0, 0.0, 0.0, 1.0))), 'name': 'RightHandIndex1', 'head': Vector((-0.7407982349395752, -0.029414648190140724, 1.4410916566848755)), 'children': [{'matrix_local': Matrix(((0.14685039222240448, -0.989158570766449, -1.582432140878609e-08, -0.7740989923477173),
        (-0.9891586303710938, -0.1468503773212433, 1.5030144595584716e-07, -0.033824048936367035),
        (-1.077581117669979e-07, -9.992007221626409e-16, -0.9999999403953552, 1.4410916566848755),
        (0.0, 0.0, 0.0, 1.0))), 'name': 'RightHandIndex2', 'head': Vector((-0.7740989923477173, -0.033824048936367035, 1.4410916566848755)), 'children': [{'matrix_local': Matrix(((0.10136757045984268, -0.9948488473892212, -3.5065873760231625e-08, -0.7995903491973877),
